0.18491679430007935
0.18079496920108795
0.16569852828979492
0.1488998830318451
0.1337452530860901
0.12000156193971634
0.10937128216028214
0.09958609938621521
0.0894622877240181
0.08212781697511673
0.07549730688333511
0.06842341274023056
0.0631270632147789
0.05533580109477043
0.05236557498574257
0.045416031032800674
0.038035497069358826
0.0352293960750103
0.031147468835115433
0.027773216366767883
0.027466030791401863
0.025304466485977173
0.022443661466240883
0.02437751740217209
0.027285156771540642
0.030995167791843414
0.041389983147382736
0.04247627407312393
0.04271330684423447
0.04069264605641365
0.03517502173781395
0.026534833014011383
0.017157183960080147
0.00878972839564085
0.011430942453444004
0.017451705411076546
0.017484769225120544
0.016389761120080948
0.01598166488111019
0.013012684881687164
0.008896807208657265
0.006448329892009497
0.010085231624543667
0.013533653691411018
0.01667666807770729
0.020783161744475365
0.023108847439289093
0.026753708720207214
0.016757439821958542
0.005627026781439781
0.011679638177156448
0.01913446933031082
0.026189493015408516
0.027354929596185684
0.02775595150887966
0.025419382378458977
0.022361677139997482
0.019336527213454247
0.015347160398960114
0.011640196666121483
